1 0.43440104166666665 0.4915462962962963 0.0060416666666666665 0.013777777777777778
1 0.4404791666666667 0.49225925925925923 0.0054062500000000005 0.011518518518518518
1 0.4718958333333333 0.4971296296296296 0.005276041666666667 0.009574074074074073
1 0.46238541666666666 0.4930277777777778 0.006317708333333334 0.00998148148148148
1 0.484921875 0.4958981481481482 0.009885416666666667 0.013675925925925925
1 0.4936510416666666 0.4977962962962963 0.00625 0.009064814814814814
1 0.5522239583333334 0.4917962962962963 0.007166666666666667 0.013268518518518518
1 0.5574114583333334 0.49195370370370367 0.0034791666666666664 0.011314814814814816
1 0.5300572916666667 0.4942037037037037 0.006083333333333333 0.017879629629629627
1 0.5106927083333334 0.5005092592592593 0.010239583333333333 0.0065
1 0.54409375 0.4964074074074074 0.005442708333333333 0.010601851851851852