1 0.3040677083333333 0.21863888888888888 0.05297395833333333 0.1270925925925926
1 0.4544583333333333 0.21255555555555555 0.032140625 0.09450925925925925
1 0.5401770833333334 0.2135277777777778 0.03129166666666667 0.09062037037037038
1 0.6583072916666667 0.23031481481481483 0.039703125 0.07847222222222222
1 0.7467343750000001 0.2617962962962963 0.029604166666666668 0.061407407407407404
1 0.6336822916666667 0.21687962962962962 0.01972916666666667 0.05047222222222222
1 0.6128333333333333 0.2361851851851852 0.020526041666666665 0.05551851851851852
1 0.49867187500000004 0.2360462962962963 0.030140624999999997 0.06699074074074074
1 0.405109375 0.24724074074074073 0.02147395833333333 0.059166666666666666
1 0.18219270833333334 0.2312962962962963 0.043973958333333334 0.0675462962962963
1 0.12594270833333335 0.26193518518518516 0.036286458333333334 0.07008333333333333
1 0.058124999999999996 0.24934259259259262 0.036625 0.07175925925925926