1 0.12587500000000001 0.2619259259259259 0.034468750000000006 0.07394444444444444
1 0.5415156250000001 0.2180925925925926 0.04060416666666666 0.09680555555555555
1 0.45549999999999996 0.21334259259259258 0.030588541666666667 0.09065740740740741
1 0.4054270833333333 0.24712037037037035 0.030291666666666665 0.04769444444444444
1 0.3073229166666666 0.21167592592592593 0.04319791666666666 0.13199074074074074
1 0.177828125 0.22925925925925925 0.03351041666666667 0.05884259259259259
1 0.053671875 0.2448888888888889 0.0219375 0.07001851851851852
1 0.4996041666666667 0.2362314814814815 0.026489583333333334 0.06275925925925926
1 0.6156041666666667 0.23847222222222222 0.029270833333333336 0.05828703703703704
1 0.6385208333333333 0.21389814814814814 0.023614583333333335 0.05157407407407408
1 0.6589270833333334 0.22869444444444445 0.029260416666666667 0.0666574074074074
1 0.7474739583333334 0.26499074074074075 0.01922916666666667 0.05662962962962963