1 0.3191197916666667 0.2033425925925926 0.04327604166666667 0.12325000000000001
1 0.5363125 0.20939814814814817 0.03221875 0.0725925925925926
1 0.463125 0.22766666666666666 0.020578125 0.06382407407407407
1 0.40824479166666666 0.2576111111111111 0.016802083333333332 0.04622222222222223
1 0.17300000000000001 0.22928703703703704 0.025723958333333335 0.06528703703703705
1 0.12768229166666667 0.2568796296296296 0.0209375 0.06883333333333333
1 0.05444791666666667 0.24 0.018421874999999997 0.07322222222222222
1 0.745484375 0.25893518518518516 0.021677083333333333 0.05062962962962963
1 0.6561875 0.22678703703703704 0.023359375 0.06558333333333333
1 0.6291197916666668 0.2195925925925926 0.020729166666666667 0.06
1 0.6098072916666666 0.22575925925925924 0.015786458333333333 0.051194444444444445