2 0.6668928571428572 0.48958571428571424 0.051399999999999994 0.158
1 0.019214285714285715 0.4400142857142857 0.024114285714285713 0.0853
1 0.04397857142857143 0.5055285714285714 0.027407142857142856 0.09084285714285714
1 0.09185 0.44057142857142856 0.0373 0.06657142857142857
1 0.12239285714285714 0.43727142857142853 0.022428571428571426 0.08639999999999999
1 0.2536285714285714 0.4477285714285715 0.03724285714285714 0.0875
1 0.38460000000000005 0.46699999999999997 0.028392857142857143 0.06658571428571429
1 0.5298714285714287 0.4317714285714286 0.03935 0.1062
1 0.8182214285714285 0.46699999999999997 0.03044285714285714 0.06658571428571429
1 0.7711714285714286 0.4240571428571428 0.03870714285714286 0.0996
1 0.9673499999999999 0.5060857142857142 0.02488571428571429 0.07211428571428571
1 0.5868285714285714 0.39212857142857144 0.026671428571428575 0.10178571428571428
1 0.48310000000000003 0.43617142857142854 0.033857142857142856 0.09740000000000001
1 0.4495357142857143 0.43617142857142854 0.019564285714285715 0.08418571428571428
1 0.2233642857142857 0.4433142857142857 0.02955 0.06547142857142857
1 0.30755714285714286 0.45708571428571426 0.026214285714285718 0.07318571428571428
1 0.8455999999999999 0.46118571428571425 0.01855 0.07058571428571428