1 0.321373 0.205748 0.0475359 0.131736
1 0.128605 0.257744 0.0263654 0.0691058
1 0.0554842 0.2389 0.0225762 0.0675791
1 0.408597 0.251564 0.0201199 0.0497389
1 0.535599 0.210103 0.0325254 0.0824804
1 0.463382 0.215229 0.0307465 0.088915
1 0.630279 0.220955 0.0233788 0.0575376
1 0.745611 0.261144 0.0214367 0.0545973
1 0.659057 0.227896 0.0239531 0.066061
1 0.176264 0.228369 0.025878 0.0677979
1 0.503433 0.235116 0.0227669 0.0477954
1 0.608509 0.228717 0.0189115 0.0654119
1 0.611396 0.225169 0.022776 0.0711273
1 0.290387 0.222495 0.0160846 0.0762571
