1 0.128221 0.257806 0.0271425 0.0743066
1 0.318729 0.209032 0.0519972 0.133778
1 0.0556908 0.239391 0.0217238 0.0721785
1 0.408832 0.251764 0.020419 0.0553037
1 0.4642 0.219314 0.0343959 0.100798
1 0.630405 0.221438 0.0228857 0.0622882
1 0.535578 0.209056 0.0333805 0.0890237
1 0.745941 0.26049 0.0213417 0.0572081
1 0.659862 0.227431 0.0255354 0.0717193
1 0.176224 0.229312 0.0278746 0.0744053
1 0.610844 0.225104 0.0228058 0.0747988
1 0.292295 0.219666 0.0213604 0.105581
1 0.176807 0.240717 0.0338156 0.0785625
1 0.503169 0.23329 0.0214539 0.0512236
1 0.618744 0.22417 0.0263292 0.0697878
1 0.608835 0.227163 0.017182 0.0672787
1 0.368285 0.269995 0.0164906 0.0335046
